01fb
fb00
04bc
0206
0000
0000
0000
0000
0000
0000
0000
0000
0000
0000
0000
0000
0000
0000
0000
0000
0000
0000
0000
0000
0000
0000
0300
0101
330d
0a03
0101
0134
0d0a
0100
0100
0100
0100
0100
0100
0100
0400
0231
0d0a
0003
0000
0133
0d0a
0301
010d
3330
3034
0d0a
0000
0000
0000
0000
0000
0000
0000
0000
0300
0001
340d
0a03
0000
0d33
3030
340d
0a00
0000
0000
0000
0000
0000
0000
0000
0001
0005
110c
0300
0000
0000
405e
404b
1f06
0100
0100
0100
0100
0100
0100
0400
0035
3030
310d
0a00
0000
0606
0000
0000
0000
0000
0000
0000
0000
0300
0000
3530
3031
0d0a
0516
0100
0000
0300
0000
0000
4bbf
4006
0000
0000
0000
3e40
0006
0100
0528
ef02
0164
7265
687a
616c
2069
7374
2020
2020
2020
3330
2020
2020
2000
0601
0001
0001
0004
0000
3530
3131
0d0a
0000
0006
0600
0006
0600
0000
0000
0000
0000
0006
0600
0006
0600
0000
0000
0000
0001
0005
110c
0300
0000
0000
3071
404a
1f06
0100
0100
0100
0100
0100
0100
0400
0035
3030
300d
0a00
0000
0606
0000
0000
0000
0000
0000
0000
0000
0300
0000
3530
3030
0d0a
0516
0200
0000
0300
0000
0000
4abf
4006
0000
0000
0000
3c40
0006
0100
0528
ee02
0170
6172
6132
3735
206e
6f74
2020
2020
6f6e
2032
3820
2020
2000
0601
0001
0001
0004
0000
3530
3130
0d0a
0000
0006
0600
0006
0600
0000
0000
0000
0000
0006
0600
0006
0600
0000
0000
0000
0000
0000
0000
0000
0000
0000
0000
0000
0000
0000
0000
0000
0000
0000
0000
0000
0000
0000
0000
0000
0017
0000
004e
6f74
6175
7320
2620
7365
6375
7269
7479
2074
6573
7473
3e00
0000
5365
6375
7269
7479
2074
6573
7473
3a20
6465
7220
6469
6769
7461
6c65
2061
7573
6761
6e67
2020
3120
6175
6620
3238
2028
536f
6674
504c
4329
2073
7465
6874
0100
0511
0103
0000
0000
0000
1440
4c1f
0601
0001
0005
110d
0300
0000
0000
80a7
4048
1f06
0100
0100
0400
0035
3032
300d
0a00
0000
0606
0000
0000
0606
0000
0000
0000
0100
0511
0c03
0000
0000
0000
0040
4d1f
0601
0005
110c
0300
0000
0000
806b
404e
1f06
0100
0511
0c03
0000
0000
00c0
6b40
491f
0604
0000
3530
3231
0d0a
0000
0006
0600
0006
0600
0006
0600
0003
0000
0035
3032
300d
0a05
1604
0000
0003
0000
0000
004d
bf40
0600
0000
0000
408f
4000
0601
0005
1601
0000
0003
0000
0000
004c
bf40
0600
0000
0000
00f0
3f00
0601
0005
1601
0000
0007
0000
0000
0098
8f40
0600
0000
0000
0000
0000
0604
0000
3630
3030
0d0a
0000
0006
0600
0006
0600
0006
0600
0000
0006
0600
0006
0600
0006
0600
0003
0000
0035
3032
300d
0a05
1601
0000
0003
0000
0000
004e
bf40
0600
0000
0000
0026
4000
0601
0005
1601
0000
0003
0000
0000
0049
bf40
0600
0000
0000
0028
4000
0601
0005
1601
0000
0003
0000
0000
0048
bf40
0600
0000
0000
00f0
3f00
0604
0007
3130
3131
0d0a
0000
0006
0600
0006
0600
0006
0600
0000
0006
0600
0006
0600
0006
0600
0000
0000
0000
0000
0000
0000
0000
0000
0000
0000
0000
0000
0000
0000
0000
0000
0000
0000
0000
0000
0003
0000
0036
3030
300d
0a05
28f2
0201
7365
633a
2064
7265
687a
6168
6c20
6973
7420
3e20
3130
3030
0006
0100
0100
0100
0100
0100
0100
0400
0035
3032
330d
0a00
0000
0606
0000
0000
0000
0000
0000
0000
0000
0000
0606
0000
0000
0000
0000
0000
0000
0000
2100
0000
416e
e468
6572
756e
6773
7363
6861
6c74
756e
6720
2861
7566
2031
3030
3072
706d
2900
0000
0001
0005
2203
4f1f
0105
0001
0100
0102
0001
0600
ff00
00ff
0000
ff00
00ff
0000
ff00
00ff
0000
ff00
00ff
0000
ff00
00ff
0000
ff00
00ff
0000
0601
0001
0001
0001
0001
0001
0004
0000
3530
3430
0d0a
0000
0006
0600
0000
0000
0000
0000
0000
0000
0000
0006
0600
0000
0000
0000
0000
0000
0000
0000
0006
0600
0000
0000
0000
0000
0000
0000
0000
0006
0600
0000
0000
0000
0000
0000
0000
0000
0006
0600
0000
0000
0000
0000
0000
0000
0000
0006
0600
0000
0000
0000
0000
0000
0000
0000
0000
0000
0000
0000
0000
0000
0000
0000
0000
0000
0000
0000
0000
0000
0000
0000
0000
0000
0000
0000
0000
0000
0000
0000
0000
0000
0000
0000
0000
0000
0000
0000
0000
0000
0000
0000
0000
0000
0000
0000
0000
0000
0000
0000
0000
0000
0000
0000
0000
0000
0000
0000
0000
0000
0000
0000
0000
0000
0000
0000
0000
0000
0000
0000
0000
0000
0000
0000
0000
0000
0000
0000
0000
0000
0000
0000
0000
0000
0000
0017
0000
0054
6173
7465
7220
4978
2074
6f20
6269
7420
287a
6168
6c29
0000
0000
0300
0000
3530
3430
0d0a
0516
0300
0000
0300
0000
0000
4fbf
4006
0000
0000
0000
f03f
0006
0100
0511
060c
0000
0000
0000
2640
dc00
0601
0005
1106
0d00
0000
0000
00f0
3fc1
0b06
0400
0035
3032
350d
0a00
0000
0606
0000
0606
0000
0606
0000
0000
0606
0000
0000
0000
0000
0000
0000
0000
0300
0000
3530
3430
0d0a
0516
0500
0000
0300
0000
0000
4fbf
4006
0000
0000
0000
0040
0006
0100
0511
060d
0000
0000
0000
0000
c10b
0601
0005
1106
0d00
0000
0000
0000
00bb
0b06
0400
0035
3032
330d
0a00
0000
0606
0000
0606
0000
0606
0000
0000
0606
0000
0000
0000
0000
0000
0000
0000
0300
0000
3530
3235
0d0a
0511
060d
0000
0000
0000
f03f
bb0b
0601
0005
1106
0c00
0000
0000
0028
40e2
0006
0100
0511
060c
0000
0000
0000
1440
e300
0604
0000
3530
3233
0d0a
0000
0006
0600
0006
0600
0006
0600
0003
0000
0035
3032
350d
0a05
1106
0c00
0000
0000
0028
40de
0006
0100
0511
060d
0000
0000
0000
f03f
b90b
0601
0001
0001
0004
0000
3530
3233
0d0a
0000
0006
0600
0006
0600
0000
0000
0000
0003
0000
0035
3034
300d
0a05
1601
0000
0003
0000
0000
004f
bf40
0600
0000
0000
0000
4000
0601
0005
2a06
0000
06de
0301
0600
0006
0100
0511
060d
0000
0000
0000
f03f
bd0b
0604
0000
3530
3233
0d0a
0000
0006
0600
0006
0600
0006
0600
0000
0006
0600
0006
0600
0000
0000
0000
0000
0000
0000
0000
0000
0000
0000
0000
0000
0000
0000
0000
0000
0000
0000
0000
0000
0000
0000
0000
000c
0000
0054
6173
7465
7220
7365
7475
7000
0000
0003
0000
0035
3034
300d
0a05
1601
0000
0003
0000
0000
004f
bf40
0600
0000
0000
0008
4000
0601
0005
2a06
0000
06de
0301
0600
0006
0100
0511
060d
0000
0000
0000
f03f
bd0b
0604
0000
3530
3233
0d0a
0000
0006
0600
0006
0600
0006
0600
0000
0006
0600
0006
0600
0000
0000
0000
0003
0000
0035
3034
300d
0a05
1601
0000
0003
0000
0000
004f
bf40
0600
0000
0000
0010
4000
0601
0005
2a06
0000
06de
0301
0600
0006
0100
0511
060d
0000
0000
0000
0000
bd0b
0604
0000
3530
3233
0d0a
0000
0006
0600
0006
0600
0006
0600
0000
0006
0600
0006
0600
0000
0000
0000
0003
0000
0035
3034
300d
0a05
1601
0000
0003
0000
0000
004f
bf40
0600
0000
0000
0014
4000
0601
0005
2a06
0000
06de
0301
0600
0006
0100
0511
060d
0000
0000
0000
0000
bd0b
0604
0000
3530
3233
0d0a
0000
0006
0600
0006
0600
0006
0600
0000
0006
0600
0006
0600
0000
0000
0000
0003
0000
0035
3034
300d
0a05
1601
0000
0003
0000
0000
004f
bf40
0600
0000
0000
0018
4000
0601
0005
2a06
0000
06d0
0701
0600
0006
0100
0511
060d
0000
0000
0000
f03f
bd0b
0604
0000
3530
3233
0d0a
0000
0006
0600
0006
0600
0006
0600
0000
0006
0600
0006
0600
0000
0000
0000
0003
0000
0035
3034
300d
0a05
1601
0000
0003
0000
0000
004f
bf40
0600
0000
0000
001c
4000
0601
0005
2a06
0000
06e7
0301
0600
0006
0100
0511
060d
0000
0000
0000
f03f
bd0b
0604
0000
3530
3233
0d0a
0000
0006
0600
0006
0600
0006
0600
0000
0006
0600
0006
0600
0000
0000
0000
000e
0000
0054
6173
7465
7220
636f
6e74
726f
6c00
0000
0000
0000
0000
0000
0000
0000
0000
0000
0000
0000
0000
0000
0000
0000
0000
0000
0000
0000
0000
0000
0000
0000
0000
0000
0000
0000
0000
0000
0000
0000
0003
0000
0035
3034
300d
0a05
1601
0000
0003
0000
0000
004f
bf40
0600
0000
0000
002a
4000
0601
0005
2a06
0000
06e7
0301
0600
0006
0100
0511
060d
0000
0000
0000
0000
bd0b
0604
0000
3530
3233
0d0a
0000
0006
0600
0006
0600
0006
0600
0000
0006
0600
0006
0600
0000
0000
0000
0003
0000
0035
3034
300d
0a05
1601
0000
0003
0000
0000
004f
bf40
0600
0000
0000
0028
4000
0601
0005
2a06
0000
06d0
0701
0600
0006
0100
0511
060d
0000
0000
0000
0000
bd0b
0604
0000
3530
3233
0d0a
0000
0006
0600
0006
0600
0006
0600
0000
0006
0600
0006
0600
0000
0000
0000
0003
0000
0035
3034
300d
0a05
1601
0000
0003
0000
0000
004f
bf40
0600
0000
0000
0020
4000
0601
0005
2a06
0000
06c8
0001
0600
0006
0100
0511
060d
0000
0000
0000
0000
bd0b
0604
0000
3530
3233
0d0a
0000
0006
0600
0006
0600
0006
0600
0000
0006
0600
0006
0600
0000
0000
0000
0003
0000
0035
3034
300d
0a05
1601
0000
0003
0000
0000
004f
bf40
0600
0000
0000
0022
4000
0601
0005
2a06
0000
06c8
0001
0600
0006
0100
0511
060d
0000
0000
0000
0000
bd0b
0604
0000
3530
3233
0d0a
0000
0006
0600
0006
0600
0006
0600
0000
0006
0600
0006
0600
0000
0000
0000
0000
0000
0000
0000
00